
viewData =

    6.0375    2.0000    0.9000    1.9507  -37.9826
    6.0375    2.0000    1.0000    1.7500  -35.6473
    6.0375    2.0000    1.1000    1.5493  -36.0419
    6.0375    2.0000    1.1000    1.7593  -49.7968
    6.0375    2.0000    2.0000    3.5000  -22.5787
    6.0375    2.0000    2.1000    3.3017  -26.3915
    6.0375    2.0000    2.2000    3.1010  -31.7791
    6.0375    2.0000    2.3000    2.9003  -40.2614
    6.0375    2.0000    2.7000    2.1000  -42.6122
    6.0375    2.0000    3.7000    1.4117  -39.5952
    6.0375    2.0000    3.8000    1.5120  -30.5927
    6.0375    2.0000    3.9000    1.6123  -29.6869
    6.0375    2.0000    4.0000    1.7127  -29.6182
    6.0375    2.0000    4.1000    1.8130  -28.6975
    6.0375    2.0000    4.2000    1.9133  -28.3195
    6.0375    2.0000    4.3000    2.0137  -30.1220
    6.0375    2.0000    4.4000    2.1117  -33.0093
    6.0375    2.0000    4.4000    2.1140  -38.5941
    6.0375    2.0000    4.5000    1.3277  -49.4574
    6.0375    2.0000    4.6000    1.4280  -25.9035
    6.0375    2.0000    4.6000    1.4257  -40.5428
    6.0375    2.0000    4.7000    1.5283  -20.8791
    6.0375    2.0000    4.7000    1.5260  -48.4126
    6.0375    2.0000    4.7000    1.5307  -49.9502
    6.0375    2.0000    4.8000    1.6263  -20.5880
    6.0375    2.0000    4.8000    1.6287  -35.9017
    6.0375    2.0000    4.9000    1.7267  -19.8236
    6.0375    2.0000    4.9000    1.7290  -31.0201
    6.0375    2.0000    5.0000    1.8270  -19.7898
    6.0375    2.0000    5.0000    1.8293  -38.0062
    6.0375    2.0000    5.1000    1.9273  -24.5388
    6.0375    2.0000    5.1000    1.9297  -43.6176
    6.0375    2.0000    5.2000    2.0277  -26.0249
    6.0375    2.0000    5.2000    2.0300  -49.0423
    6.0375    2.0000    5.3000    2.1280  -27.9806
    6.0375    2.0000    5.3000    2.1303  -49.4451
    6.0375    2.0000    5.4000    2.2283  -48.9439
    6.0375    2.0000    7.7000    2.0883  -34.2894
    6.0375    2.0000    7.8000    1.9880  -31.9167
    6.0375    2.0000    7.9000    1.8877  -30.4601
    6.0375    2.0000    8.0000    1.7873  -30.0644
    6.0375    2.0000    8.1000    1.6870  -31.1322
    6.0375    2.0000    8.1000    1.5423  -46.7798
    6.0375    2.0000    8.2000    1.5867  -31.3966
    6.0375    2.0000    8.2000    1.6427  -46.6561
    6.0375    2.0000    8.3000    1.4863  -31.7686
    6.0375    2.0000    8.3000    1.7407  -48.4332
    6.0375    2.0000    8.4000    1.8410  -45.6381
    6.0375    2.0000    8.4000    1.3883  -47.4500
    6.0375    2.0000    8.5000    2.1723  -41.1555
    6.0375    2.0000    8.5000    1.9437  -47.0964
    6.0375    2.0000    8.5000    1.9413  -48.3443
    6.0375    2.0000    8.6000    2.0720  -24.6171
    6.0375    2.0000    8.6000    2.0697  -29.5083
    6.0375    2.0000    8.6000    2.0417  -48.1043
    6.0375    2.0000    8.7000    1.9717  -23.2319
    6.0375    2.0000    8.7000    1.9693  -27.4168
    6.0375    2.0000    8.8000    1.8713  -24.4383
    6.0375    2.0000    8.8000    1.8690  -37.0956
    6.0375    2.0000    8.9000    1.7710  -23.9774
    6.0375    2.0000    8.9000    1.7687  -46.7220
    6.0375    2.0000    9.0000    1.6707  -26.1901
    6.0375    2.0000    9.0000    1.6730  -48.0913
    6.0375    2.0000    9.0000    1.6683  -48.8568
    6.0375    2.0000    9.1000    1.5703  -22.4504
    6.0375    2.0000    9.1000    1.5727  -40.2757
    6.0375    2.0000    9.2000    1.4700  -24.0150
    6.0375    2.0000    9.3000    1.3697  -41.7217
    6.0375    2.0000    9.8000    1.4747  -40.8651
    6.0375    2.0000    9.9000    1.5750  -41.0459
    6.0375    2.0000   10.0000    1.6753  -40.3294
    6.0375    2.0000   10.1000    1.7757  -39.6558
    6.0375    2.0000   10.2000    1.8760  -39.8347
    6.0375    2.0000   10.3000    1.9763  -41.0447
    6.0375    2.0000   10.3000    1.9740  -41.7432
    6.0375    2.0000   10.4000    2.0743  -43.1747
    6.0375    2.0000   10.9000    1.4000  -43.1286
    6.0375    2.0000   11.0000    1.6007  -31.4488
    6.0375    2.0000   11.1000    1.7990  -31.0860
    6.0375    2.0000   11.2000    1.9997  -34.2965
    6.0375    2.0000   12.9000    2.1000  -46.1059
    6.0375    2.0000   13.0000    1.8993  -42.5569
    6.0375    2.0000   13.1000    1.7010  -43.9749
    6.0375    2.0000   13.2000    1.5003  -43.5480
    6.0375    2.0000   13.7000    2.1257  -48.7490
    6.0375    2.0000   13.8000    2.0253  -44.2108
    6.0375    2.0000   13.9000    1.9250  -43.5393
    6.0375    2.0000   14.0000    1.8247  -44.1752
    6.0375    2.0000   14.1000    1.7243  -44.4284
    6.0375    2.0000   14.2000    1.6240  -44.5337
    6.0375    2.0000   14.3000    1.5260  -45.9802
    6.0375    2.0000   15.0000    1.5190  -42.9004
    6.0375    2.0000   15.1000    1.6193  -42.3828
    6.0375    2.0000   15.1000    1.6170  -44.1314
    6.0375    2.0000   15.2000    1.7197  -41.2955
    6.0375    2.0000   15.3000    1.8177  -42.9601
    6.0375    2.0000   15.3000    1.8200  -49.9602
    6.0375    2.0000   15.4000    1.9180  -39.5676
    6.0375    2.0000   15.5000    2.0183  -40.3119
    6.0375    2.0000   15.5000    2.0207  -40.8873
    6.0375    2.0000   15.6000    2.1187  -42.7918
    6.0375    2.0000   16.0000    1.6380  -49.8575
    6.0375    2.0000   16.3000    1.9367  -49.7529
    6.0375    2.0000   18.9000    2.0813  -43.4891
    6.0375    2.0000   19.0000    1.9833  -40.5384
    6.0375    2.0000   19.0000    1.9810  -41.7652
    6.0375    2.0000   19.1000    1.8807  -37.7320
    6.0375    2.0000   19.2000    1.7827  -37.7331
    6.0375    2.0000   19.3000    1.6800  -39.9725
    6.0375    2.0000   19.4000    1.5820  -41.1140
    6.0375    2.0000   19.5000    1.4817  -40.9009


